# sig     lat   zonal inf. depth
 22.75  -17.7     0.05
 22.75  -15.8     0.05
 22.75  -13.9     0.05
 22.75  -11.9     0.05
 22.75   -9.9     0.08
 22.75   -8.0     0.09
 22.75   -6.0     0.10
 22.75   -4.0     0.13
 22.75   -2.0     0.71
 22.75    0.0     2.28
 22.75    2.0     4.61
 22.75    4.0     7.84
 22.75    6.0    10.81
 22.75    8.0    12.13
 22.75    9.9    10.64
 22.75   11.9     8.80
 22.75   13.9     7.94
 22.75   15.8     7.30
 22.75   17.7     5.41
 22.75   19.6     2.97
 22.75   21.5     1.43
 22.75   23.3     1.42
 22.75   25.2     2.29
 22.75   26.9     3.11
 22.75   28.7     2.45
 22.75   30.5     1.30
 22.75   32.2     0.09
 22.75   33.8     0.27
 22.75   35.5     0.47
 22.75   37.1     0.68
 22.75   38.7     0.59
 22.75   40.2     0.39
 22.75   41.7     0.14
 22.75   43.2     0.18
 22.75   44.6     0.44
 22.75   46.1     0.48
 22.75   47.4     0.37
 22.75   48.8     0.07
 22.75   50.1     0.05
 22.75   51.3     0.05
 22.75   52.6     0.05
 22.75   53.8     0.05
 22.75   54.9     0.05
 22.75   56.1     0.05
 22.75   57.2     0.05
 22.75   58.2     0.05
 22.75   59.3     0.05
 22.75   60.3     0.05
 22.75   61.2     0.05
 22.75   61.7     0.05
 22.75   62.2     0.05
