# sig     lat   zonal inf. depth
 24.75  -17.7     7.28
 24.75  -15.8    18.36
 24.75  -13.9    36.12
 24.75  -11.9    58.44
 24.75   -9.9    75.58
 24.75   -8.0    81.50
 24.75   -6.0    73.46
 24.75   -4.0    63.54
 24.75   -2.0    60.54
 24.75    0.0    66.07
 24.75    2.0    73.87
 24.75    4.0    77.92
 24.75    6.0    78.56
 24.75    8.0    75.95
 24.75    9.9    76.06
 24.75   11.9    80.53
 24.75   13.9    88.02
 24.75   15.8    92.44
 24.75   17.7    88.40
 24.75   19.6    78.66
 24.75   21.5    66.67
 24.75   23.3    55.04
 24.75   25.2    44.06
 24.75   26.9    35.82
 24.75   28.7    29.40
 24.75   30.5    26.09
 24.75   32.2    23.35
 24.75   33.8    22.62
 24.75   35.5    21.22
 24.75   37.1    19.34
 24.75   38.7    15.94
 24.75   40.2    12.11
 24.75   41.7     8.72
 24.75   43.2     6.95
 24.75   44.6     6.19
 24.75   46.1     5.32
 24.75   47.4     3.60
 24.75   48.8     1.71
 24.75   50.1     0.70
 24.75   51.3     0.66
 24.75   52.6     0.83
 24.75   53.8     0.66
 24.75   54.9     0.46
 24.75   56.1     0.18
 24.75   57.2     0.09
 24.75   58.2     0.09
 24.75   59.3     0.09
 24.75   60.3     0.09
 24.75   61.2     0.09
 24.75   61.7     0.09
 24.75   62.2     0.09
