# sig     lat   zonal inf. depth
 26.75  -17.7   443.66
 26.75  -15.8   407.87
 26.75  -13.9   374.41
 26.75  -11.9   350.93
 26.75   -9.9   338.55
 26.75   -8.0   344.53
 26.75   -6.0   366.51
 26.75   -4.0   394.66
 26.75   -2.0   413.00
 26.75    0.0   413.88
 26.75    2.0   395.63
 26.75    4.0   364.51
 26.75    6.0   331.51
 26.75    8.0   303.96
 26.75    9.9   295.89
 26.75   11.9   311.41
 26.75   13.9   342.16
 26.75   15.8   384.71
 26.75   17.7   426.34
 26.75   19.6   466.60
 26.75   21.5   495.84
 26.75   23.3   520.34
 26.75   25.2   537.87
 26.75   26.9   559.41
 26.75   28.7   587.78
 26.75   30.5   608.08
 26.75   32.2   606.16
 26.75   33.8   568.92
 26.75   35.5   513.22
 26.75   37.1   441.61
 26.75   38.7   360.07
 26.75   40.2   275.53
 26.75   41.7   198.51
 26.75   43.2   144.74
 26.75   44.6   114.85
 26.75   46.1   100.78
 26.75   47.4    88.90
 26.75   48.8    79.66
 26.75   50.1    73.68
 26.75   51.3    69.45
 26.75   52.6    61.66
 26.75   53.8    49.66
 26.75   54.9    38.82
 26.75   56.1    27.87
 26.75   57.2    19.73
 26.75   58.2    13.00
 26.75   59.3    11.13
 26.75   60.3    10.85
 26.75   61.2    12.18
 26.75   61.7    12.62
 26.75   62.2    12.94
