# sig     lat   zonal inf. depth
 25.75  -17.7   152.26
 25.75  -15.8   148.01
 25.75  -13.9   141.33
 25.75  -11.9   133.12
 25.75   -9.9   122.37
 25.75   -8.0   112.80
 25.75   -6.0   100.97
 25.75   -4.0    92.27
 25.75   -2.0    88.67
 25.75    0.0    92.22
 25.75    2.0    98.34
 25.75    4.0   102.81
 25.75    6.0   105.01
 25.75    8.0   106.42
 25.75    9.9   111.23
 25.75   11.9   120.82
 25.75   13.9   135.15
 25.75   15.8   150.81
 25.75   17.7   160.77
 25.75   19.6   163.56
 25.75   21.5   158.09
 25.75   23.3   147.23
 25.75   25.2   131.11
 25.75   26.9   113.68
 25.75   28.7    95.62
 25.75   30.5    81.79
 25.75   32.2    71.92
 25.75   33.8    68.49
 25.75   35.5    65.81
 25.75   37.1    62.17
 25.75   38.7    55.38
 25.75   40.2    46.70
 25.75   41.7    37.21
 25.75   43.2    29.88
 25.75   44.6    24.79
 25.75   46.1    20.36
 25.75   47.4    14.08
 25.75   48.8     7.61
 25.75   50.1     3.45
 25.75   51.3     2.61
 25.75   52.6     2.69
 25.75   53.8     2.19
 25.75   54.9     1.79
 25.75   56.1     0.99
 25.75   57.2     0.52
 25.75   58.2     0.34
 25.75   59.3     0.36
 25.75   60.3     0.40
 25.75   61.2     0.29
 25.75   61.7     0.21
 25.75   62.2     0.15
